%YAML:1.0
---
cameraMatrix: !!opencv-matrix
   rows: 3
   cols: 3
   dt: d
   data: [ 3.6860504427355625e+02, 0., 2.5376545282443763e+02, 0.,
       3.6905359130236371e+02, 2.1068740147791721e+02, 0., 0., 1. ]
distortionCoefficients: !!opencv-matrix
   rows: 1
   cols: 5
   dt: d
   data: [ 9.8494013342117132e-02, -2.7075803425677009e-01,
       2.7160925214974418e-03, -1.4692784989260622e-03,
       7.8323285829573888e-02 ]
rotation: !!opencv-matrix
   rows: 3
   cols: 3
   dt: d
   data: [ 1., 0., 0., 0., 1., 0., 0., 0., 1. ]
projection: !!opencv-matrix
   rows: 4
   cols: 4
   dt: d
   data: [ 3.6860504427355625e+02, 0., 2.5376545282443763e+02, 0., 0.,
       3.6905359130236371e+02, 2.1068740147791721e+02, 0., 0., 0., 1.,
       0., 0., 0., 0., 1. ]
