%YAML:1.0
---
cameraMatrix: !!opencv-matrix
   rows: 3
   cols: 3
   dt: d
   data: [ 1.0828133226829448e+03, 0., 9.4870383460668779e+02, 0.,
       1.0825204449329224e+03, 5.4263143887390083e+02, 0., 0., 1. ]
distortionCoefficients: !!opencv-matrix
   rows: 1
   cols: 5
   dt: d
   data: [ 8.3115197029421203e-02, -1.4312137474632491e-01,
       -2.4107235919214563e-03, -2.9811865876342483e-04,
       6.6329362415349674e-02 ]
rotation: !!opencv-matrix
   rows: 3
   cols: 3
   dt: d
   data: [ 1., 0., 0., 0., 1., 0., 0., 0., 1. ]
projection: !!opencv-matrix
   rows: 4
   cols: 4
   dt: d
   data: [ 1.0828133226829448e+03, 0., 9.4870383460668779e+02, 0., 0.,
       1.0825204449329224e+03, 5.4263143887390083e+02, 0., 0., 0., 1.,
       0., 0., 0., 0., 1. ]
