%YAML:1.0
---
rotation: !!opencv-matrix
   rows: 3
   cols: 3
   dt: d
   data: [ 9.9994462188591693e-01, -9.5222555945307357e-03,
       -4.4810500804091753e-03, 9.5784968601733914e-03,
       9.9987345480817680e-01, 1.2701447471081000e-02,
       4.3595365958270646e-03, -1.2743665812999396e-02,
       9.9990929259724171e-01 ]
translation: !!opencv-matrix
   rows: 3
   cols: 1
   dt: d
   data: [ -4.3581323806798036e-02, -3.4044190473300382e-04,
       -6.7952131702524628e-03 ]
essential: !!opencv-matrix
   rows: 3
   cols: 3
   dt: d
   data: [ 6.3603759073035487e-05, 6.7986917465610126e-03,
       -2.5410198099527596e-04, -6.6048424881319763e-03,
       -4.9068006965548338e-04, 4.3607820348629714e-02,
       -7.7020521543250012e-05, -4.3579050574648955e-02,
       -5.5507143227679560e-04 ]
fundamental: !!opencv-matrix
   rows: 3
   cols: 3
   dt: d
   data: [ 4.2389724225822659e-08, 4.5255878139869646e-06,
       -1.0266647429674996e-03, -4.4030919569030103e-06,
       -3.2671234672378196e-07, 1.1901896622701240e-02,
       2.2934583587633441e-03, -3.5527102993877173e-02,
       9.9999999999999989e-01 ]
