%YAML:1.0
---
depthShift: 3.3597532288737919e+00
