%YAML:1.0
---
cameraMatrix: !!opencv-matrix
   rows: 3
   cols: 3
   dt: d
   data: [ 3.6504103609894946e+02, 0., 2.5512567148076346e+02, 0.,
       3.6386900997494803e+02, 2.0805445444967665e+02, 0., 0., 1. ]
distortionCoefficients: !!opencv-matrix
   rows: 1
   cols: 5
   dt: d
   data: [ 1.1804597980235668e-01, -3.5135183789123681e-01,
       -1.2529436768389970e-03, 3.1063360541735631e-05,
       1.6612448323302650e-01 ]
rotation: !!opencv-matrix
   rows: 3
   cols: 3
   dt: d
   data: [ 1., 0., 0., 0., 1., 0., 0., 0., 1. ]
projection: !!opencv-matrix
   rows: 4
   cols: 4
   dt: d
   data: [ 3.6504103609894946e+02, 0., 2.5512567148076346e+02, 0., 0.,
       3.6386900997494803e+02, 2.0805445444967665e+02, 0., 0., 0., 1.,
       0., 0., 0., 0., 1. ]
