%YAML:1.0
---
cameraMatrix: !!opencv-matrix
   rows: 3
   cols: 3
   dt: d
   data: [ 1.0702697248055042e+03, 0., 9.5893996308403587e+02, 0.,
       1.0673470955436428e+03, 5.3715020871512843e+02, 0., 0., 1. ]
distortionCoefficients: !!opencv-matrix
   rows: 1
   cols: 5
   dt: d
   data: [ 9.7455769997376263e-02, -2.0081822929825371e-01,
       -1.6990749838032000e-03, -9.7136845254788200e-04,
       1.1669435125357944e-01 ]
rotation: !!opencv-matrix
   rows: 3
   cols: 3
   dt: d
   data: [ 1., 0., 0., 0., 1., 0., 0., 0., 1. ]
projection: !!opencv-matrix
   rows: 4
   cols: 4
   dt: d
   data: [ 1.0702697248055042e+03, 0., 9.5893996308403587e+02, 0., 0.,
       1.0673470955436428e+03, 5.3715020871512843e+02, 0., 0., 0., 1.,
       0., 0., 0., 0., 1. ]
