%YAML:1.0
---
rotation: !!opencv-matrix
   rows: 3
   cols: 3
   dt: d
   data: [ 9.9999820475040668e-01, -9.1447597369218308e-05,
       1.8926524510855071e-03, 8.7667398445450529e-05,
       9.9999800157392615e-01, 1.9972888076733404e-03,
       -1.8928313160222140e-03, -1.9971192981248723e-03,
       9.9999621434489350e-01 ]
translation: !!opencv-matrix
   rows: 3
   cols: 1
   dt: d
   data: [ -5.1057270890538568e-02, -2.4101923681795146e-04,
       -1.3829429682881367e-02 ]
essential: !!opencv-matrix
   rows: 3
   cols: 3
   dt: d
   data: [ 1.6685988814952941e-06, 1.3829883389957571e-02,
       -2.1339695928012241e-04, -1.3926047656855593e-02,
       -1.0070279288759781e-04, 5.1030903301333877e-02,
       2.3654274601756645e-04, -5.1057190896987285e-02,
       -1.0151995005069626e-04 ]
fundamental: !!opencv-matrix
   rows: 3
   cols: 3
   dt: d
   data: [ 7.6327706437200161e-10, 6.3466624668480669e-06,
       -1.3562797679956705e-03, -6.3877176225512427e-06,
       -4.6339993335729017e-08, 1.0183932446601486e-02,
       3.5462384713944068e-03, -3.1138261097344883e-02, 1. ]
