%YAML:1.0
---
depthShift: -1.8799681851938782e+01
